  0.0000   11    2.000   1.0000    TwoPulse_5
  2.0000    0    7.000   1.0000          NULL 
  9.0000   10    2.000   1.0000    TwoPulse_4
 11.0000    0    6.000   1.0000          NULL 
 17.0000    1    2.000   1.0000    OnePulse_1
 19.0000    0    9.000   1.0000          NULL 
 28.0000   12    2.000   1.0000    TwoPulse_6
 30.0000    0   15.000   1.0000          NULL 
 45.0000    8    2.000   1.0000    TwoPulse_2
 47.0000    0    4.000   1.0000          NULL 
 51.0000    9    2.000   1.0000    TwoPulse_3
 53.0000    0   12.000   1.0000          NULL 
 65.0000    6    2.000   1.0000    OnePulse_6
 67.0000    0    3.000   1.0000          NULL 
 70.0000   12    2.000   1.0000    TwoPulse_6
 72.0000    0    3.000   1.0000          NULL 
 75.0000    1    2.000   1.0000    OnePulse_1
 77.0000    0    7.000   1.0000          NULL 
 84.0000    6    2.000   1.0000    OnePulse_6
 86.0000    0    6.000   1.0000          NULL 
 92.0000    3    2.000   1.0000    OnePulse_3
 94.0000    0    5.000   1.0000          NULL 
 99.0000    5    2.000   1.0000    OnePulse_5
101.0000    0    8.000   1.0000          NULL 
109.0000   13    2.000   1.0000    BlankPulse
111.0000    0    7.000   1.0000          NULL 
118.0000    4    2.000   1.0000    OnePulse_4
120.0000    0    3.000   1.0000          NULL 
123.0000    4    2.000   1.0000    OnePulse_4
125.0000    0    4.000   1.0000          NULL 
129.0000   11    2.000   1.0000    TwoPulse_5
131.0000    0    4.000   1.0000          NULL 
135.0000    2    2.000   1.0000    OnePulse_2
137.0000    0    7.000   1.0000          NULL 
144.0000    7    2.000   1.0000    TwoPulse_1
146.0000    0    6.000   1.0000          NULL 
152.0000    5    2.000   1.0000    OnePulse_5
154.0000    0    4.000   1.0000          NULL 
158.0000   11    2.000   1.0000    TwoPulse_5
160.0000    0    5.000   1.0000          NULL 
165.0000    1    2.000   1.0000    OnePulse_1
167.0000    0    6.000   1.0000          NULL 
173.0000   12    2.000   1.0000    TwoPulse_6
175.0000    0    3.000   1.0000          NULL 
178.0000   13    2.000   1.0000    BlankPulse
180.0000    0    6.000   1.0000          NULL 
186.0000   10    2.000   1.0000    TwoPulse_4
188.0000    0    6.000   1.0000          NULL 
194.0000    8    2.000   1.0000    TwoPulse_2
196.0000    0   10.000   1.0000          NULL 
206.0000    9    2.000   1.0000    TwoPulse_3
208.0000    0    5.000   1.0000          NULL 
213.0000    3    2.000   1.0000    OnePulse_3
215.0000    0    4.000   1.0000          NULL 
219.0000    3    2.000   1.0000    OnePulse_3
221.0000    0    6.000   1.0000          NULL 
227.0000    2    2.000   1.0000    OnePulse_2
229.0000    0    3.000   1.0000          NULL 
232.0000    5    2.000   1.0000    OnePulse_5
234.0000    0    6.000   1.0000          NULL 
240.0000    9    2.000   1.0000    TwoPulse_3
242.0000    0    4.000   1.0000          NULL 
246.0000   10    2.000   1.0000    TwoPulse_4
248.0000    0    3.000   1.0000          NULL 
251.0000    7    2.000   1.0000    TwoPulse_1
253.0000    0    3.000   1.0000          NULL 
256.0000    8    2.000   1.0000    TwoPulse_2
258.0000    0    5.000   1.0000          NULL 
263.0000   13    2.000   1.0000    BlankPulse
265.0000    0    7.000   1.0000          NULL 
272.0000    6    2.000   1.0000    OnePulse_6
274.0000    0    4.000   1.0000          NULL 
278.0000    4    2.000   1.0000    OnePulse_4
280.0000    0    4.000   1.0000          NULL 
284.0000    2    2.000   1.0000    OnePulse_2
286.0000    0    3.000   1.0000          NULL 
289.0000    7    2.000   1.0000    TwoPulse_1
291.0000    0    9.000   1.0000          NULL 
