  0.0000    4    2.000   1.0000    OnePulse_4
  2.0000    0   10.000   1.0000          NULL 
 12.0000    3    2.000   1.0000    OnePulse_3
 14.0000    0    6.000   1.0000          NULL 
 20.0000    6    2.000   1.0000    OnePulse_6
 22.0000    0    6.000   1.0000          NULL 
 28.0000    5    2.000   1.0000    OnePulse_5
 30.0000    0    4.000   1.0000          NULL 
 34.0000    5    2.000   1.0000    OnePulse_5
 36.0000    0    3.000   1.0000          NULL 
 39.0000    5    2.000   1.0000    OnePulse_5
 41.0000    0    7.000   1.0000          NULL 
 48.0000   11    2.000   1.0000    TwoPulse_5
 50.0000    0    3.000   1.0000          NULL 
 53.0000    9    2.000   1.0000    TwoPulse_3
 55.0000    0    9.000   1.0000          NULL 
 64.0000    7    2.000   1.0000    TwoPulse_1
 66.0000    0    6.000   1.0000          NULL 
 72.0000    9    2.000   1.0000    TwoPulse_3
 74.0000    0    6.000   1.0000          NULL 
 80.0000    7    2.000   1.0000    TwoPulse_1
 82.0000    0    4.000   1.0000          NULL 
 86.0000    8    2.000   1.0000    TwoPulse_2
 88.0000    0    3.000   1.0000          NULL 
 91.0000    9    2.000   1.0000    TwoPulse_3
 93.0000    0    8.000   1.0000          NULL 
101.0000    3    2.000   1.0000    OnePulse_3
103.0000    0    5.000   1.0000          NULL 
108.0000    8    2.000   1.0000    TwoPulse_2
110.0000    0    8.000   1.0000          NULL 
118.0000   12    2.000   1.0000    TwoPulse_6
120.0000    0    7.000   1.0000          NULL 
127.0000    1    2.000   1.0000    OnePulse_1
129.0000    0    9.000   1.0000          NULL 
138.0000    8    2.000   1.0000    TwoPulse_2
140.0000    0    4.000   1.0000          NULL 
144.0000    2    2.000   1.0000    OnePulse_2
146.0000    0    3.000   1.0000          NULL 
149.0000    4    2.000   1.0000    OnePulse_4
151.0000    0    4.000   1.0000          NULL 
155.0000   11    2.000   1.0000    TwoPulse_5
157.0000    0    7.000   1.0000          NULL 
164.0000    6    2.000   1.0000    OnePulse_6
166.0000    0    3.000   1.0000          NULL 
169.0000   10    2.000   1.0000    TwoPulse_4
171.0000    0    3.000   1.0000          NULL 
174.0000    6    2.000   1.0000    OnePulse_6
176.0000    0    7.000   1.0000          NULL 
183.0000    1    2.000   1.0000    OnePulse_1
185.0000    0    3.000   1.0000          NULL 
188.0000   13    2.000   1.0000    BlankPulse
190.0000    0    8.000   1.0000          NULL 
198.0000   13    2.000   1.0000    BlankPulse
200.0000    0    4.000   1.0000          NULL 
204.0000   11    2.000   1.0000    TwoPulse_5
206.0000    0    4.000   1.0000          NULL 
210.0000    4    2.000   1.0000    OnePulse_4
212.0000    0    5.000   1.0000          NULL 
217.0000    7    2.000   1.0000    TwoPulse_1
219.0000    0    6.000   1.0000          NULL 
225.0000    1    2.000   1.0000    OnePulse_1
227.0000    0    8.000   1.0000          NULL 
235.0000   10    2.000   1.0000    TwoPulse_4
237.0000    0    6.000   1.0000          NULL 
243.0000   12    2.000   1.0000    TwoPulse_6
245.0000    0    6.000   1.0000          NULL 
251.0000   12    2.000   1.0000    TwoPulse_6
253.0000    0    4.000   1.0000          NULL 
257.0000   13    2.000   1.0000    BlankPulse
259.0000    0    3.000   1.0000          NULL 
262.0000    2    2.000   1.0000    OnePulse_2
264.0000    0    5.000   1.0000          NULL 
269.0000    2    2.000   1.0000    OnePulse_2
271.0000    0    9.000   1.0000          NULL 
280.0000    3    2.000   1.0000    OnePulse_3
282.0000    0    5.000   1.0000          NULL 
287.0000   10    2.000   1.0000    TwoPulse_4
289.0000    0   11.000   1.0000          NULL 
