  0.0000    5    2.000   1.0000    OnePulse_5
  2.0000    0    5.000   1.0000          NULL 
  7.0000    8    2.000   1.0000    TwoPulse_2
  9.0000    0    7.000   1.0000          NULL 
 16.0000    7    2.000   1.0000    TwoPulse_1
 18.0000    0    4.000   1.0000          NULL 
 22.0000    6    2.000   1.0000    OnePulse_6
 24.0000    0    3.000   1.0000          NULL 
 27.0000    3    2.000   1.0000    OnePulse_3
 29.0000    0    3.000   1.0000          NULL 
 32.0000    7    2.000   1.0000    TwoPulse_1
 34.0000    0    5.000   1.0000          NULL 
 39.0000    9    2.000   1.0000    TwoPulse_3
 41.0000    0   14.000   1.0000          NULL 
 55.0000    1    2.000   1.0000    OnePulse_1
 57.0000    0    4.000   1.0000          NULL 
 61.0000   12    2.000   1.0000    TwoPulse_6
 63.0000    0    4.000   1.0000          NULL 
 67.0000    7    2.000   1.0000    TwoPulse_1
 69.0000    0    5.000   1.0000          NULL 
 74.0000    8    2.000   1.0000    TwoPulse_2
 76.0000    0    9.000   1.0000          NULL 
 85.0000    5    2.000   1.0000    OnePulse_5
 87.0000    0    8.000   1.0000          NULL 
 95.0000    2    2.000   1.0000    OnePulse_2
 97.0000    0    3.000   1.0000          NULL 
100.0000    5    2.000   1.0000    OnePulse_5
102.0000    0   10.000   1.0000          NULL 
112.0000   10    2.000   1.0000    TwoPulse_4
114.0000    0    4.000   1.0000          NULL 
118.0000    6    2.000   1.0000    OnePulse_6
120.0000    0    4.000   1.0000          NULL 
124.0000   10    2.000   1.0000    TwoPulse_4
126.0000    0    4.000   1.0000          NULL 
130.0000   12    2.000   1.0000    TwoPulse_6
132.0000    0    6.000   1.0000          NULL 
138.0000    1    2.000   1.0000    OnePulse_1
140.0000    0    5.000   1.0000          NULL 
145.0000    2    2.000   1.0000    OnePulse_2
147.0000    0    3.000   1.0000          NULL 
150.0000    2    2.000   1.0000    OnePulse_2
152.0000    0   10.000   1.0000          NULL 
162.0000   12    2.000   1.0000    TwoPulse_6
164.0000    0    8.000   1.0000          NULL 
172.0000    9    2.000   1.0000    TwoPulse_3
174.0000    0    6.000   1.0000          NULL 
180.0000   11    2.000   1.0000    TwoPulse_5
182.0000    0    3.000   1.0000          NULL 
185.0000   13    2.000   1.0000    BlankPulse
187.0000    0    7.000   1.0000          NULL 
194.0000    4    2.000   1.0000    OnePulse_4
196.0000    0    4.000   1.0000          NULL 
200.0000   11    2.000   1.0000    TwoPulse_5
202.0000    0    6.000   1.0000          NULL 
208.0000    3    2.000   1.0000    OnePulse_3
210.0000    0    3.000   1.0000          NULL 
213.0000   11    2.000   1.0000    TwoPulse_5
215.0000    0    4.000   1.0000          NULL 
219.0000   13    2.000   1.0000    BlankPulse
221.0000    0   11.000   1.0000          NULL 
232.0000   10    2.000   1.0000    TwoPulse_4
234.0000    0    4.000   1.0000          NULL 
238.0000    8    2.000   1.0000    TwoPulse_2
240.0000    0    7.000   1.0000          NULL 
247.0000    3    2.000   1.0000    OnePulse_3
249.0000    0    4.000   1.0000          NULL 
253.0000    4    2.000   1.0000    OnePulse_4
255.0000    0    9.000   1.0000          NULL 
264.0000    1    2.000   1.0000    OnePulse_1
266.0000    0    3.000   1.0000          NULL 
269.0000    4    2.000   1.0000    OnePulse_4
271.0000    0   10.000   1.0000          NULL 
281.0000   13    2.000   1.0000    BlankPulse
283.0000    0    3.000   1.0000          NULL 
286.0000    6    2.000   1.0000    OnePulse_6
288.0000    0    6.000   1.0000          NULL 
294.0000    9    2.000   1.0000    TwoPulse_3
296.0000    0    4.000   1.0000          NULL 
