  0.0000   13    2.000   1.0000    BlankPulse
  2.0000    0    3.000   1.0000          NULL 
  5.0000   12    2.000   1.0000    TwoPulse_6
  7.0000    0    5.000   1.0000          NULL 
 12.0000    2    2.000   1.0000    OnePulse_2
 14.0000    0    5.000   1.0000          NULL 
 19.0000    7    2.000   1.0000    TwoPulse_1
 21.0000    0    4.000   1.0000          NULL 
 25.0000    6    2.000   1.0000    OnePulse_6
 27.0000    0    6.000   1.0000          NULL 
 33.0000   13    2.000   1.0000    BlankPulse
 35.0000    0    4.000   1.0000          NULL 
 39.0000    1    2.000   1.0000    OnePulse_1
 41.0000    0    6.000   1.0000          NULL 
 47.0000   11    2.000   1.0000    TwoPulse_5
 49.0000    0   12.000   1.0000          NULL 
 61.0000    8    2.000   1.0000    TwoPulse_2
 63.0000    0    3.000   1.0000          NULL 
 66.0000    2    2.000   1.0000    OnePulse_2
 68.0000    0    6.000   1.0000          NULL 
 74.0000   12    2.000   1.0000    TwoPulse_6
 76.0000    0    4.000   1.0000          NULL 
 80.0000    9    2.000   1.0000    TwoPulse_3
 82.0000    0    3.000   1.0000          NULL 
 85.0000    2    2.000   1.0000    OnePulse_2
 87.0000    0    7.000   1.0000          NULL 
 94.0000    9    2.000   1.0000    TwoPulse_3
 96.0000    0    4.000   1.0000          NULL 
100.0000    6    2.000   1.0000    OnePulse_6
102.0000    0    3.000   1.0000          NULL 
105.0000    5    2.000   1.0000    OnePulse_5
107.0000    0    3.000   1.0000          NULL 
110.0000    1    2.000   1.0000    OnePulse_1
112.0000    0    3.000   1.0000          NULL 
115.0000    7    2.000   1.0000    TwoPulse_1
117.0000    0    4.000   1.0000          NULL 
121.0000    5    2.000   1.0000    OnePulse_5
123.0000    0    5.000   1.0000          NULL 
128.0000   13    2.000   1.0000    BlankPulse
130.0000    0    5.000   1.0000          NULL 
135.0000    4    2.000   1.0000    OnePulse_4
137.0000    0    9.000   1.0000          NULL 
146.0000   11    2.000   1.0000    TwoPulse_5
148.0000    0    3.000   1.0000          NULL 
151.0000    9    2.000   1.0000    TwoPulse_3
153.0000    0    5.000   1.0000          NULL 
158.0000   10    2.000   1.0000    TwoPulse_4
160.0000    0    5.000   1.0000          NULL 
165.0000   10    2.000   1.0000    TwoPulse_4
167.0000    0    7.000   1.0000          NULL 
174.0000   12    2.000   1.0000    TwoPulse_6
176.0000    0    7.000   1.0000          NULL 
183.0000    3    2.000   1.0000    OnePulse_3
185.0000    0    9.000   1.0000          NULL 
194.0000   10    2.000   1.0000    TwoPulse_4
196.0000    0    9.000   1.0000          NULL 
205.0000   11    2.000   1.0000    TwoPulse_5
207.0000    0    6.000   1.0000          NULL 
213.0000    8    2.000   1.0000    TwoPulse_2
215.0000    0   15.000   1.0000          NULL 
230.0000    7    2.000   1.0000    TwoPulse_1
232.0000    0    6.000   1.0000          NULL 
238.0000    6    2.000   1.0000    OnePulse_6
240.0000    0    6.000   1.0000          NULL 
246.0000    4    2.000   1.0000    OnePulse_4
248.0000    0    5.000   1.0000          NULL 
253.0000    8    2.000   1.0000    TwoPulse_2
255.0000    0    3.000   1.0000          NULL 
258.0000    1    2.000   1.0000    OnePulse_1
260.0000    0    7.000   1.0000          NULL 
267.0000    4    2.000   1.0000    OnePulse_4
269.0000    0    3.000   1.0000          NULL 
272.0000    3    2.000   1.0000    OnePulse_3
274.0000    0    6.000   1.0000          NULL 
280.0000    3    2.000   1.0000    OnePulse_3
282.0000    0    7.000   1.0000          NULL 
289.0000    5    2.000   1.0000    OnePulse_5
291.0000    0    9.000   1.0000          NULL 
