  0.0000   10    2.000   1.0000    TwoPulse_4
  2.0000    0    3.000   1.0000          NULL 
  5.0000    5    2.000   1.0000    OnePulse_5
  7.0000    0    4.000   1.0000          NULL 
 11.0000    8    2.000   1.0000    TwoPulse_2
 13.0000    0    8.000   1.0000          NULL 
 21.0000    1    2.000   1.0000    OnePulse_1
 23.0000    0    3.000   1.0000          NULL 
 26.0000   10    2.000   1.0000    TwoPulse_4
 28.0000    0    4.000   1.0000          NULL 
 32.0000   13    2.000   1.0000    BlankPulse
 34.0000    0   11.000   1.0000          NULL 
 45.0000   10    2.000   1.0000    TwoPulse_4
 47.0000    0   11.000   1.0000          NULL 
 58.0000    7    2.000   1.0000    TwoPulse_1
 60.0000    0    8.000   1.0000          NULL 
 68.0000    2    2.000   1.0000    OnePulse_2
 70.0000    0    4.000   1.0000          NULL 
 74.0000   13    2.000   1.0000    BlankPulse
 76.0000    0    5.000   1.0000          NULL 
 81.0000    7    2.000   1.0000    TwoPulse_1
 83.0000    0    3.000   1.0000          NULL 
 86.0000    6    2.000   1.0000    OnePulse_6
 88.0000    0    5.000   1.0000          NULL 
 93.0000    1    2.000   1.0000    OnePulse_1
 95.0000    0    9.000   1.0000          NULL 
104.0000    8    2.000   1.0000    TwoPulse_2
106.0000    0    4.000   1.0000          NULL 
110.0000   12    2.000   1.0000    TwoPulse_6
112.0000    0    3.000   1.0000          NULL 
115.0000    7    2.000   1.0000    TwoPulse_1
117.0000    0    4.000   1.0000          NULL 
121.0000    2    2.000   1.0000    OnePulse_2
123.0000    0    9.000   1.0000          NULL 
132.0000    9    2.000   1.0000    TwoPulse_3
134.0000    0    4.000   1.0000          NULL 
138.0000   11    2.000   1.0000    TwoPulse_5
140.0000    0    9.000   1.0000          NULL 
149.0000    5    2.000   1.0000    OnePulse_5
151.0000    0    3.000   1.0000          NULL 
154.0000    4    2.000   1.0000    OnePulse_4
156.0000    0    3.000   1.0000          NULL 
159.0000    9    2.000   1.0000    TwoPulse_3
161.0000    0    7.000   1.0000          NULL 
168.0000    3    2.000   1.0000    OnePulse_3
170.0000    0    4.000   1.0000          NULL 
174.0000    8    2.000   1.0000    TwoPulse_2
176.0000    0    7.000   1.0000          NULL 
183.0000    6    2.000   1.0000    OnePulse_6
185.0000    0    4.000   1.0000          NULL 
189.0000   12    2.000   1.0000    TwoPulse_6
191.0000    0   13.000   1.0000          NULL 
204.0000    2    2.000   1.0000    OnePulse_2
206.0000    0    9.000   1.0000          NULL 
215.0000   11    2.000   1.0000    TwoPulse_5
217.0000    0    3.000   1.0000          NULL 
220.0000    3    2.000   1.0000    OnePulse_3
222.0000    0    4.000   1.0000          NULL 
226.0000    4    2.000   1.0000    OnePulse_4
228.0000    0    3.000   1.0000          NULL 
231.0000   13    2.000   1.0000    BlankPulse
233.0000    0    4.000   1.0000          NULL 
237.0000   11    2.000   1.0000    TwoPulse_5
239.0000    0    6.000   1.0000          NULL 
245.0000    4    2.000   1.0000    OnePulse_4
247.0000    0    5.000   1.0000          NULL 
252.0000    1    2.000   1.0000    OnePulse_1
254.0000    0    7.000   1.0000          NULL 
261.0000    5    2.000   1.0000    OnePulse_5
263.0000    0    9.000   1.0000          NULL 
272.0000    9    2.000   1.0000    TwoPulse_3
274.0000    0    4.000   1.0000          NULL 
278.0000    6    2.000   1.0000    OnePulse_6
280.0000    0    6.000   1.0000          NULL 
286.0000    3    2.000   1.0000    OnePulse_3
288.0000    0    7.000   1.0000          NULL 
295.0000   12    2.000   1.0000    TwoPulse_6
297.0000    0    3.000   1.0000          NULL 
