  0.0000    9    2.000   1.0000    TwoPulse_3
  2.0000    0    4.000   1.0000          NULL 
  6.0000    2    2.000   1.0000    OnePulse_2
  8.0000    0    5.000   1.0000          NULL 
 13.0000    8    2.000   1.0000    TwoPulse_2
 15.0000    0   13.000   1.0000          NULL 
 28.0000    8    2.000   1.0000    TwoPulse_2
 30.0000    0    5.000   1.0000          NULL 
 35.0000   12    2.000   1.0000    TwoPulse_6
 37.0000    0    4.000   1.0000          NULL 
 41.0000    8    2.000   1.0000    TwoPulse_2
 43.0000    0    6.000   1.0000          NULL 
 49.0000    5    2.000   1.0000    OnePulse_5
 51.0000    0    3.000   1.0000          NULL 
 54.0000    1    2.000   1.0000    OnePulse_1
 56.0000    0   12.000   1.0000          NULL 
 68.0000   11    2.000   1.0000    TwoPulse_5
 70.0000    0    4.000   1.0000          NULL 
 74.0000    5    2.000   1.0000    OnePulse_5
 76.0000    0    8.000   1.0000          NULL 
 84.0000   13    2.000   1.0000    BlankPulse
 86.0000    0    6.000   1.0000          NULL 
 92.0000    4    2.000   1.0000    OnePulse_4
 94.0000    0   11.000   1.0000          NULL 
105.0000    6    2.000   1.0000    OnePulse_6
107.0000    0    5.000   1.0000          NULL 
112.0000    3    2.000   1.0000    OnePulse_3
114.0000    0    6.000   1.0000          NULL 
120.0000    3    2.000   1.0000    OnePulse_3
122.0000    0    5.000   1.0000          NULL 
127.0000   10    2.000   1.0000    TwoPulse_4
129.0000    0    7.000   1.0000          NULL 
136.0000    6    2.000   1.0000    OnePulse_6
138.0000    0    6.000   1.0000          NULL 
144.0000    3    2.000   1.0000    OnePulse_3
146.0000    0   11.000   1.0000          NULL 
157.0000    7    2.000   1.0000    TwoPulse_1
159.0000    0    3.000   1.0000          NULL 
162.0000    1    2.000   1.0000    OnePulse_1
164.0000    0    4.000   1.0000          NULL 
168.0000    2    2.000   1.0000    OnePulse_2
170.0000    0    5.000   1.0000          NULL 
175.0000    6    2.000   1.0000    OnePulse_6
177.0000    0    5.000   1.0000          NULL 
182.0000    9    2.000   1.0000    TwoPulse_3
184.0000    0    6.000   1.0000          NULL 
190.0000   12    2.000   1.0000    TwoPulse_6
192.0000    0    5.000   1.0000          NULL 
197.0000    5    2.000   1.0000    OnePulse_5
199.0000    0    3.000   1.0000          NULL 
202.0000   11    2.000   1.0000    TwoPulse_5
204.0000    0    5.000   1.0000          NULL 
209.0000   10    2.000   1.0000    TwoPulse_4
211.0000    0    6.000   1.0000          NULL 
217.0000    9    2.000   1.0000    TwoPulse_3
219.0000    0    3.000   1.0000          NULL 
222.0000   13    2.000   1.0000    BlankPulse
224.0000    0   11.000   1.0000          NULL 
235.0000    7    2.000   1.0000    TwoPulse_1
237.0000    0    6.000   1.0000          NULL 
243.0000   11    2.000   1.0000    TwoPulse_5
245.0000    0    3.000   1.0000          NULL 
248.0000   10    2.000   1.0000    TwoPulse_4
250.0000    0    4.000   1.0000          NULL 
254.0000    4    2.000   1.0000    OnePulse_4
256.0000    0    4.000   1.0000          NULL 
260.0000    4    2.000   1.0000    OnePulse_4
262.0000    0    3.000   1.0000          NULL 
265.0000    7    2.000   1.0000    TwoPulse_1
267.0000    0    5.000   1.0000          NULL 
272.0000    2    2.000   1.0000    OnePulse_2
274.0000    0    3.000   1.0000          NULL 
277.0000   12    2.000   1.0000    TwoPulse_6
279.0000    0    4.000   1.0000          NULL 
283.0000    1    2.000   1.0000    OnePulse_1
285.0000    0    9.000   1.0000          NULL 
294.0000   13    2.000   1.0000    BlankPulse
296.0000    0    4.000   1.0000          NULL 
