  0.0000   12    2.000   1.0000    TwoPulse_6
  2.0000    0    3.000   1.0000          NULL 
  5.0000    2    2.000   1.0000    OnePulse_2
  7.0000    0    4.000   1.0000          NULL 
 11.0000    3    2.000   1.0000    OnePulse_3
 13.0000    0    8.000   1.0000          NULL 
 21.0000    1    2.000   1.0000    OnePulse_1
 23.0000    0   12.000   1.0000          NULL 
 35.0000    4    2.000   1.0000    OnePulse_4
 37.0000    0    4.000   1.0000          NULL 
 41.0000    5    2.000   1.0000    OnePulse_5
 43.0000    0    4.000   1.0000          NULL 
 47.0000    6    2.000   1.0000    OnePulse_6
 49.0000    0    9.000   1.0000          NULL 
 58.0000    2    2.000   1.0000    OnePulse_2
 60.0000    0    5.000   1.0000          NULL 
 65.0000   11    2.000   1.0000    TwoPulse_5
 67.0000    0    3.000   1.0000          NULL 
 70.0000    9    2.000   1.0000    TwoPulse_3
 72.0000    0    3.000   1.0000          NULL 
 75.0000    6    2.000   1.0000    OnePulse_6
 77.0000    0    4.000   1.0000          NULL 
 81.0000    3    2.000   1.0000    OnePulse_3
 83.0000    0    6.000   1.0000          NULL 
 89.0000    7    2.000   1.0000    TwoPulse_1
 91.0000    0    7.000   1.0000          NULL 
 98.0000    4    2.000   1.0000    OnePulse_4
100.0000    0    7.000   1.0000          NULL 
107.0000    8    2.000   1.0000    TwoPulse_2
109.0000    0    5.000   1.0000          NULL 
114.0000   11    2.000   1.0000    TwoPulse_5
116.0000    0    9.000   1.0000          NULL 
125.0000    5    2.000   1.0000    OnePulse_5
127.0000    0   12.000   1.0000          NULL 
139.0000   11    2.000   1.0000    TwoPulse_5
141.0000    0    6.000   1.0000          NULL 
147.0000   10    2.000   1.0000    TwoPulse_4
149.0000    0    3.000   1.0000          NULL 
152.0000   10    2.000   1.0000    TwoPulse_4
154.0000    0    3.000   1.0000          NULL 
157.0000   12    2.000   1.0000    TwoPulse_6
159.0000    0    3.000   1.0000          NULL 
162.0000   10    2.000   1.0000    TwoPulse_4
164.0000    0    5.000   1.0000          NULL 
169.0000    2    2.000   1.0000    OnePulse_2
171.0000    0    3.000   1.0000          NULL 
174.0000   12    2.000   1.0000    TwoPulse_6
176.0000    0    3.000   1.0000          NULL 
179.0000    9    2.000   1.0000    TwoPulse_3
181.0000    0    8.000   1.0000          NULL 
189.0000    4    2.000   1.0000    OnePulse_4
191.0000    0   10.000   1.0000          NULL 
201.0000    8    2.000   1.0000    TwoPulse_2
203.0000    0    5.000   1.0000          NULL 
208.0000    7    2.000   1.0000    TwoPulse_1
210.0000    0    3.000   1.0000          NULL 
213.0000   13    2.000   1.0000    BlankPulse
215.0000    0    9.000   1.0000          NULL 
224.0000    8    2.000   1.0000    TwoPulse_2
226.0000    0    7.000   1.0000          NULL 
233.0000    6    2.000   1.0000    OnePulse_6
235.0000    0    6.000   1.0000          NULL 
241.0000   13    2.000   1.0000    BlankPulse
243.0000    0    6.000   1.0000          NULL 
249.0000    1    2.000   1.0000    OnePulse_1
251.0000    0    4.000   1.0000          NULL 
255.0000    7    2.000   1.0000    TwoPulse_1
257.0000    0    3.000   1.0000          NULL 
260.0000    1    2.000   1.0000    OnePulse_1
262.0000    0   12.000   1.0000          NULL 
274.0000    5    2.000   1.0000    OnePulse_5
276.0000    0    3.000   1.0000          NULL 
279.0000    3    2.000   1.0000    OnePulse_3
281.0000    0    3.000   1.0000          NULL 
284.0000    9    2.000   1.0000    TwoPulse_3
286.0000    0    6.000   1.0000          NULL 
292.0000   13    2.000   1.0000    BlankPulse
294.0000    0    6.000   1.0000          NULL 
