  0.0000    9    2.000   1.0000    TwoPulse_3
  2.0000    0    3.000   1.0000          NULL 
  5.0000    2    2.000   1.0000    OnePulse_2
  7.0000    0    7.000   1.0000          NULL 
 14.0000    2    2.000   1.0000    OnePulse_2
 16.0000    0    4.000   1.0000          NULL 
 20.0000    8    2.000   1.0000    TwoPulse_2
 22.0000    0   10.000   1.0000          NULL 
 32.0000   10    2.000   1.0000    TwoPulse_4
 34.0000    0    4.000   1.0000          NULL 
 38.0000   11    2.000   1.0000    TwoPulse_5
 40.0000    0    3.000   1.0000          NULL 
 43.0000    5    2.000   1.0000    OnePulse_5
 45.0000    0   11.000   1.0000          NULL 
 56.0000   12    2.000   1.0000    TwoPulse_6
 58.0000    0    7.000   1.0000          NULL 
 65.0000    5    2.000   1.0000    OnePulse_5
 67.0000    0    3.000   1.0000          NULL 
 70.0000   10    2.000   1.0000    TwoPulse_4
 72.0000    0    3.000   1.0000          NULL 
 75.0000    2    2.000   1.0000    OnePulse_2
 77.0000    0   11.000   1.0000          NULL 
 88.0000    9    2.000   1.0000    TwoPulse_3
 90.0000    0    6.000   1.0000          NULL 
 96.0000    7    2.000   1.0000    TwoPulse_1
 98.0000    0    5.000   1.0000          NULL 
103.0000   13    2.000   1.0000    BlankPulse
105.0000    0    4.000   1.0000          NULL 
109.0000    3    2.000   1.0000    OnePulse_3
111.0000    0    6.000   1.0000          NULL 
117.0000    6    2.000   1.0000    OnePulse_6
119.0000    0    6.000   1.0000          NULL 
125.0000    6    2.000   1.0000    OnePulse_6
127.0000    0    4.000   1.0000          NULL 
131.0000   13    2.000   1.0000    BlankPulse
133.0000    0    3.000   1.0000          NULL 
136.0000    4    2.000   1.0000    OnePulse_4
138.0000    0    3.000   1.0000          NULL 
141.0000   12    2.000   1.0000    TwoPulse_6
143.0000    0    7.000   1.0000          NULL 
150.0000   13    2.000   1.0000    BlankPulse
152.0000    0    5.000   1.0000          NULL 
157.0000    6    2.000   1.0000    OnePulse_6
159.0000    0   10.000   1.0000          NULL 
169.0000    7    2.000   1.0000    TwoPulse_1
171.0000    0    4.000   1.0000          NULL 
175.0000    3    2.000   1.0000    OnePulse_3
177.0000    0    3.000   1.0000          NULL 
180.0000    1    2.000   1.0000    OnePulse_1
182.0000    0    4.000   1.0000          NULL 
186.0000   12    2.000   1.0000    TwoPulse_6
188.0000    0   13.000   1.0000          NULL 
201.0000    3    2.000   1.0000    OnePulse_3
203.0000    0    3.000   1.0000          NULL 
206.0000    7    2.000   1.0000    TwoPulse_1
208.0000    0    7.000   1.0000          NULL 
215.0000    5    2.000   1.0000    OnePulse_5
217.0000    0    5.000   1.0000          NULL 
222.0000    1    2.000   1.0000    OnePulse_1
224.0000    0    8.000   1.0000          NULL 
232.0000   11    2.000   1.0000    TwoPulse_5
234.0000    0    3.000   1.0000          NULL 
237.0000    4    2.000   1.0000    OnePulse_4
239.0000    0    5.000   1.0000          NULL 
244.0000    1    2.000   1.0000    OnePulse_1
246.0000    0   11.000   1.0000          NULL 
257.0000   10    2.000   1.0000    TwoPulse_4
259.0000    0    9.000   1.0000          NULL 
268.0000    4    2.000   1.0000    OnePulse_4
270.0000    0    3.000   1.0000          NULL 
273.0000    9    2.000   1.0000    TwoPulse_3
275.0000    0    5.000   1.0000          NULL 
280.0000    8    2.000   1.0000    TwoPulse_2
282.0000    0    8.000   1.0000          NULL 
290.0000    8    2.000   1.0000    TwoPulse_2
292.0000    0    3.000   1.0000          NULL 
295.0000   11    2.000   1.0000    TwoPulse_5
297.0000    0    3.000   1.0000          NULL 
