  0.0000    6    2.000   1.0000    OnePulse_6
  2.0000    0    3.000   1.0000          NULL 
  5.0000    5    2.000   1.0000    OnePulse_5
  7.0000    0    3.000   1.0000          NULL 
 10.0000    9    2.000   1.0000    TwoPulse_3
 12.0000    0    8.000   1.0000          NULL 
 20.0000    1    2.000   1.0000    OnePulse_1
 22.0000    0   13.000   1.0000          NULL 
 35.0000    3    2.000   1.0000    OnePulse_3
 37.0000    0    4.000   1.0000          NULL 
 41.0000   11    2.000   1.0000    TwoPulse_5
 43.0000    0    5.000   1.0000          NULL 
 48.0000    4    2.000   1.0000    OnePulse_4
 50.0000    0    3.000   1.0000          NULL 
 53.0000    3    2.000   1.0000    OnePulse_3
 55.0000    0    8.000   1.0000          NULL 
 63.0000    3    2.000   1.0000    OnePulse_3
 65.0000    0    3.000   1.0000          NULL 
 68.0000    7    2.000   1.0000    TwoPulse_1
 70.0000    0   13.000   1.0000          NULL 
 83.0000    9    2.000   1.0000    TwoPulse_3
 85.0000    0    3.000   1.0000          NULL 
 88.0000    7    2.000   1.0000    TwoPulse_1
 90.0000    0    8.000   1.0000          NULL 
 98.0000   10    2.000   1.0000    TwoPulse_4
100.0000    0    3.000   1.0000          NULL 
103.0000   12    2.000   1.0000    TwoPulse_6
105.0000    0    7.000   1.0000          NULL 
112.0000   10    2.000   1.0000    TwoPulse_4
114.0000    0    6.000   1.0000          NULL 
120.0000   10    2.000   1.0000    TwoPulse_4
122.0000    0    9.000   1.0000          NULL 
131.0000    8    2.000   1.0000    TwoPulse_2
133.0000    0    3.000   1.0000          NULL 
136.0000    6    2.000   1.0000    OnePulse_6
138.0000    0    5.000   1.0000          NULL 
143.0000    2    2.000   1.0000    OnePulse_2
145.0000    0    4.000   1.0000          NULL 
149.0000    9    2.000   1.0000    TwoPulse_3
151.0000    0    3.000   1.0000          NULL 
154.0000   13    2.000   1.0000    BlankPulse
156.0000    0    5.000   1.0000          NULL 
161.0000    2    2.000   1.0000    OnePulse_2
163.0000    0    4.000   1.0000          NULL 
167.0000    8    2.000   1.0000    TwoPulse_2
169.0000    0    7.000   1.0000          NULL 
176.0000   11    2.000   1.0000    TwoPulse_5
178.0000    0    5.000   1.0000          NULL 
183.0000    5    2.000   1.0000    OnePulse_5
185.0000    0    4.000   1.0000          NULL 
189.0000   12    2.000   1.0000    TwoPulse_6
191.0000    0   12.000   1.0000          NULL 
203.0000   12    2.000   1.0000    TwoPulse_6
205.0000    0    5.000   1.0000          NULL 
210.0000    7    2.000   1.0000    TwoPulse_1
212.0000    0    3.000   1.0000          NULL 
215.0000    6    2.000   1.0000    OnePulse_6
217.0000    0    6.000   1.0000          NULL 
223.0000    4    2.000   1.0000    OnePulse_4
225.0000    0    5.000   1.0000          NULL 
230.0000    2    2.000   1.0000    OnePulse_2
232.0000    0    4.000   1.0000          NULL 
236.0000    1    2.000   1.0000    OnePulse_1
238.0000    0   13.000   1.0000          NULL 
251.0000    4    2.000   1.0000    OnePulse_4
253.0000    0    3.000   1.0000          NULL 
256.0000   13    2.000   1.0000    BlankPulse
258.0000    0   11.000   1.0000          NULL 
269.0000   11    2.000   1.0000    TwoPulse_5
271.0000    0    4.000   1.0000          NULL 
275.0000    5    2.000   1.0000    OnePulse_5
277.0000    0    5.000   1.0000          NULL 
282.0000    8    2.000   1.0000    TwoPulse_2
284.0000    0    3.000   1.0000          NULL 
287.0000   13    2.000   1.0000    BlankPulse
289.0000    0    3.000   1.0000          NULL 
292.0000    1    2.000   1.0000    OnePulse_1
294.0000    0    6.000   1.0000          NULL 
