  0.0000   10    2.000   1.0000    TwoPulse_4
  2.0000    0    5.000   1.0000          NULL 
  7.0000    7    2.000   1.0000    TwoPulse_1
  9.0000    0    5.000   1.0000          NULL 
 14.0000    9    2.000   1.0000    TwoPulse_3
 16.0000    0    3.000   1.0000          NULL 
 19.0000   12    2.000   1.0000    TwoPulse_6
 21.0000    0    7.000   1.0000          NULL 
 28.0000   12    2.000   1.0000    TwoPulse_6
 30.0000    0    5.000   1.0000          NULL 
 35.0000   13    2.000   1.0000    BlankPulse
 37.0000    0    6.000   1.0000          NULL 
 43.0000    9    2.000   1.0000    TwoPulse_3
 45.0000    0    3.000   1.0000          NULL 
 48.0000    4    2.000   1.0000    OnePulse_4
 50.0000    0    5.000   1.0000          NULL 
 55.0000    1    2.000   1.0000    OnePulse_1
 57.0000    0    4.000   1.0000          NULL 
 61.0000    5    2.000   1.0000    OnePulse_5
 63.0000    0    3.000   1.0000          NULL 
 66.0000    4    2.000   1.0000    OnePulse_4
 68.0000    0    3.000   1.0000          NULL 
 71.0000    6    2.000   1.0000    OnePulse_6
 73.0000    0    6.000   1.0000          NULL 
 79.0000    8    2.000   1.0000    TwoPulse_2
 81.0000    0    4.000   1.0000          NULL 
 85.0000    4    2.000   1.0000    OnePulse_4
 87.0000    0    9.000   1.0000          NULL 
 96.0000    7    2.000   1.0000    TwoPulse_1
 98.0000    0    5.000   1.0000          NULL 
103.0000    1    2.000   1.0000    OnePulse_1
105.0000    0    3.000   1.0000          NULL 
108.0000    8    2.000   1.0000    TwoPulse_2
110.0000    0    6.000   1.0000          NULL 
116.0000    9    2.000   1.0000    TwoPulse_3
118.0000    0    6.000   1.0000          NULL 
124.0000    7    2.000   1.0000    TwoPulse_1
126.0000    0   14.000   1.0000          NULL 
140.0000   11    2.000   1.0000    TwoPulse_5
142.0000    0    8.000   1.0000          NULL 
150.0000   13    2.000   1.0000    BlankPulse
152.0000    0    6.000   1.0000          NULL 
158.0000    5    2.000   1.0000    OnePulse_5
160.0000    0   10.000   1.0000          NULL 
170.0000    2    2.000   1.0000    OnePulse_2
172.0000    0    5.000   1.0000          NULL 
177.0000    3    2.000   1.0000    OnePulse_3
179.0000    0    4.000   1.0000          NULL 
183.0000    1    2.000   1.0000    OnePulse_1
185.0000    0    5.000   1.0000          NULL 
190.0000    6    2.000   1.0000    OnePulse_6
192.0000    0    5.000   1.0000          NULL 
197.0000   10    2.000   1.0000    TwoPulse_4
199.0000    0    3.000   1.0000          NULL 
202.0000    2    2.000   1.0000    OnePulse_2
204.0000    0    8.000   1.0000          NULL 
212.0000    8    2.000   1.0000    TwoPulse_2
214.0000    0    7.000   1.0000          NULL 
221.0000   11    2.000   1.0000    TwoPulse_5
223.0000    0    4.000   1.0000          NULL 
227.0000    6    2.000   1.0000    OnePulse_6
229.0000    0    3.000   1.0000          NULL 
232.0000   10    2.000   1.0000    TwoPulse_4
234.0000    0   10.000   1.0000          NULL 
244.0000    2    2.000   1.0000    OnePulse_2
246.0000    0    8.000   1.0000          NULL 
254.0000    3    2.000   1.0000    OnePulse_3
256.0000    0    5.000   1.0000          NULL 
261.0000    3    2.000   1.0000    OnePulse_3
263.0000    0   10.000   1.0000          NULL 
273.0000    5    2.000   1.0000    OnePulse_5
275.0000    0    4.000   1.0000          NULL 
279.0000   12    2.000   1.0000    TwoPulse_6
281.0000    0    4.000   1.0000          NULL 
285.0000   11    2.000   1.0000    TwoPulse_5
287.0000    0    3.000   1.0000          NULL 
290.0000   13    2.000   1.0000    BlankPulse
292.0000    0    8.000   1.0000          NULL 
