  0.0000    1    2.000   1.0000    OnePulse_1
  2.0000    0    4.000   1.0000          NULL 
  6.0000    6    2.000   1.0000    OnePulse_6
  8.0000    0    4.000   1.0000          NULL 
 12.0000   11    2.000   1.0000    TwoPulse_5
 14.0000    0   11.000   1.0000          NULL 
 25.0000    1    2.000   1.0000    OnePulse_1
 27.0000    0    4.000   1.0000          NULL 
 31.0000   10    2.000   1.0000    TwoPulse_4
 33.0000    0    3.000   1.0000          NULL 
 36.0000   12    2.000   1.0000    TwoPulse_6
 38.0000    0    9.000   1.0000          NULL 
 47.0000   11    2.000   1.0000    TwoPulse_5
 49.0000    0    5.000   1.0000          NULL 
 54.0000    4    2.000   1.0000    OnePulse_4
 56.0000    0    4.000   1.0000          NULL 
 60.0000    1    2.000   1.0000    OnePulse_1
 62.0000    0   12.000   1.0000          NULL 
 74.0000    8    2.000   1.0000    TwoPulse_2
 76.0000    0    4.000   1.0000          NULL 
 80.0000    5    2.000   1.0000    OnePulse_5
 82.0000    0    5.000   1.0000          NULL 
 87.0000    6    2.000   1.0000    OnePulse_6
 89.0000    0    4.000   1.0000          NULL 
 93.0000    7    2.000   1.0000    TwoPulse_1
 95.0000    0    4.000   1.0000          NULL 
 99.0000   13    2.000   1.0000    BlankPulse
101.0000    0    4.000   1.0000          NULL 
105.0000    5    2.000   1.0000    OnePulse_5
107.0000    0    7.000   1.0000          NULL 
114.0000   11    2.000   1.0000    TwoPulse_5
116.0000    0    7.000   1.0000          NULL 
123.0000    2    2.000   1.0000    OnePulse_2
125.0000    0    4.000   1.0000          NULL 
129.0000    4    2.000   1.0000    OnePulse_4
131.0000    0    7.000   1.0000          NULL 
138.0000    9    2.000   1.0000    TwoPulse_3
140.0000    0    3.000   1.0000          NULL 
143.0000    8    2.000   1.0000    TwoPulse_2
145.0000    0   11.000   1.0000          NULL 
156.0000    3    2.000   1.0000    OnePulse_3
158.0000    0    4.000   1.0000          NULL 
162.0000    8    2.000   1.0000    TwoPulse_2
164.0000    0    8.000   1.0000          NULL 
172.0000    9    2.000   1.0000    TwoPulse_3
174.0000    0    9.000   1.0000          NULL 
183.0000    2    2.000   1.0000    OnePulse_2
185.0000    0    3.000   1.0000          NULL 
188.0000   12    2.000   1.0000    TwoPulse_6
190.0000    0   14.000   1.0000          NULL 
204.0000    7    2.000   1.0000    TwoPulse_1
206.0000    0    7.000   1.0000          NULL 
213.0000   13    2.000   1.0000    BlankPulse
215.0000    0    5.000   1.0000          NULL 
220.0000    2    2.000   1.0000    OnePulse_2
222.0000    0    4.000   1.0000          NULL 
226.0000    6    2.000   1.0000    OnePulse_6
228.0000    0    4.000   1.0000          NULL 
232.0000   13    2.000   1.0000    BlankPulse
234.0000    0    4.000   1.0000          NULL 
238.0000    3    2.000   1.0000    OnePulse_3
240.0000    0    6.000   1.0000          NULL 
246.0000    9    2.000   1.0000    TwoPulse_3
248.0000    0    3.000   1.0000          NULL 
251.0000   10    2.000   1.0000    TwoPulse_4
253.0000    0    7.000   1.0000          NULL 
260.0000    7    2.000   1.0000    TwoPulse_1
262.0000    0    8.000   1.0000          NULL 
270.0000   12    2.000   1.0000    TwoPulse_6
272.0000    0    4.000   1.0000          NULL 
276.0000   10    2.000   1.0000    TwoPulse_4
278.0000    0    3.000   1.0000          NULL 
281.0000    3    2.000   1.0000    OnePulse_3
283.0000    0    4.000   1.0000          NULL 
287.0000    4    2.000   1.0000    OnePulse_4
289.0000    0    4.000   1.0000          NULL 
293.0000    5    2.000   1.0000    OnePulse_5
295.0000    0    5.000   1.0000          NULL 
