  0.0000    3    2.000   1.0000    OnePulse_3
  2.0000    0    3.000   1.0000          NULL 
  5.0000    6    2.000   1.0000    OnePulse_6
  7.0000    0   15.000   1.0000          NULL 
 22.0000    7    2.000   1.0000    TwoPulse_1
 24.0000    0    5.000   1.0000          NULL 
 29.0000   12    2.000   1.0000    TwoPulse_6
 31.0000    0    3.000   1.0000          NULL 
 34.0000   11    2.000   1.0000    TwoPulse_5
 36.0000    0    6.000   1.0000          NULL 
 42.0000    8    2.000   1.0000    TwoPulse_2
 44.0000    0    4.000   1.0000          NULL 
 48.0000   13    2.000   1.0000    BlankPulse
 50.0000    0   11.000   1.0000          NULL 
 61.0000    9    2.000   1.0000    TwoPulse_3
 63.0000    0    3.000   1.0000          NULL 
 66.0000    1    2.000   1.0000    OnePulse_1
 68.0000    0    4.000   1.0000          NULL 
 72.0000    2    2.000   1.0000    OnePulse_2
 74.0000    0    3.000   1.0000          NULL 
 77.0000    2    2.000   1.0000    OnePulse_2
 79.0000    0    8.000   1.0000          NULL 
 87.0000   12    2.000   1.0000    TwoPulse_6
 89.0000    0    4.000   1.0000          NULL 
 93.0000    1    2.000   1.0000    OnePulse_1
 95.0000    0   11.000   1.0000          NULL 
106.0000   10    2.000   1.0000    TwoPulse_4
108.0000    0    3.000   1.0000          NULL 
111.0000   11    2.000   1.0000    TwoPulse_5
113.0000    0    3.000   1.0000          NULL 
116.0000    7    2.000   1.0000    TwoPulse_1
118.0000    0    7.000   1.0000          NULL 
125.0000   12    2.000   1.0000    TwoPulse_6
127.0000    0    8.000   1.0000          NULL 
135.0000    7    2.000   1.0000    TwoPulse_1
137.0000    0    3.000   1.0000          NULL 
140.0000    1    2.000   1.0000    OnePulse_1
142.0000    0    3.000   1.0000          NULL 
145.0000    8    2.000   1.0000    TwoPulse_2
147.0000    0    3.000   1.0000          NULL 
150.0000    3    2.000   1.0000    OnePulse_3
152.0000    0    7.000   1.0000          NULL 
159.0000    4    2.000   1.0000    OnePulse_4
161.0000    0    3.000   1.0000          NULL 
164.0000    3    2.000   1.0000    OnePulse_3
166.0000    0   11.000   1.0000          NULL 
177.0000   10    2.000   1.0000    TwoPulse_4
179.0000    0    5.000   1.0000          NULL 
184.0000    4    2.000   1.0000    OnePulse_4
186.0000    0    5.000   1.0000          NULL 
191.0000    9    2.000   1.0000    TwoPulse_3
193.0000    0   11.000   1.0000          NULL 
204.0000   11    2.000   1.0000    TwoPulse_5
206.0000    0    3.000   1.0000          NULL 
209.0000   10    2.000   1.0000    TwoPulse_4
211.0000    0    3.000   1.0000          NULL 
214.0000    5    2.000   1.0000    OnePulse_5
216.0000    0    3.000   1.0000          NULL 
219.0000   13    2.000   1.0000    BlankPulse
221.0000    0    5.000   1.0000          NULL 
226.0000    5    2.000   1.0000    OnePulse_5
228.0000    0    3.000   1.0000          NULL 
231.0000    6    2.000   1.0000    OnePulse_6
233.0000    0    7.000   1.0000          NULL 
240.0000   13    2.000   1.0000    BlankPulse
242.0000    0    4.000   1.0000          NULL 
246.0000    5    2.000   1.0000    OnePulse_5
248.0000    0   13.000   1.0000          NULL 
261.0000    2    2.000   1.0000    OnePulse_2
263.0000    0    4.000   1.0000          NULL 
267.0000    8    2.000   1.0000    TwoPulse_2
269.0000    0    8.000   1.0000          NULL 
277.0000    6    2.000   1.0000    OnePulse_6
279.0000    0    3.000   1.0000          NULL 
282.0000    9    2.000   1.0000    TwoPulse_3
284.0000    0    8.000   1.0000          NULL 
292.0000    4    2.000   1.0000    OnePulse_4
294.0000    0    6.000   1.0000          NULL 
