  0.0000   11    2.000   1.0000    TwoPulse_5
  2.0000    0    7.000   1.0000          NULL 
  9.0000   13    2.000   1.0000    BlankPulse
 11.0000    0    6.000   1.0000          NULL 
 17.0000    6    2.000   1.0000    OnePulse_6
 19.0000    0    7.000   1.0000          NULL 
 26.0000    9    2.000   1.0000    TwoPulse_3
 28.0000    0    3.000   1.0000          NULL 
 31.0000    4    2.000   1.0000    OnePulse_4
 33.0000    0    6.000   1.0000          NULL 
 39.0000    8    2.000   1.0000    TwoPulse_2
 41.0000    0    4.000   1.0000          NULL 
 45.0000    8    2.000   1.0000    TwoPulse_2
 47.0000    0   11.000   1.0000          NULL 
 58.0000   13    2.000   1.0000    BlankPulse
 60.0000    0    3.000   1.0000          NULL 
 63.0000    2    2.000   1.0000    OnePulse_2
 65.0000    0   12.000   1.0000          NULL 
 77.0000    5    2.000   1.0000    OnePulse_5
 79.0000    0    3.000   1.0000          NULL 
 82.0000    7    2.000   1.0000    TwoPulse_1
 84.0000    0    4.000   1.0000          NULL 
 88.0000    3    2.000   1.0000    OnePulse_3
 90.0000    0    4.000   1.0000          NULL 
 94.0000   10    2.000   1.0000    TwoPulse_4
 96.0000    0   12.000   1.0000          NULL 
108.0000    7    2.000   1.0000    TwoPulse_1
110.0000    0    4.000   1.0000          NULL 
114.0000    2    2.000   1.0000    OnePulse_2
116.0000    0    6.000   1.0000          NULL 
122.0000    8    2.000   1.0000    TwoPulse_2
124.0000    0    8.000   1.0000          NULL 
132.0000    5    2.000   1.0000    OnePulse_5
134.0000    0    4.000   1.0000          NULL 
138.0000    1    2.000   1.0000    OnePulse_1
140.0000    0    7.000   1.0000          NULL 
147.0000    6    2.000   1.0000    OnePulse_6
149.0000    0    3.000   1.0000          NULL 
152.0000    5    2.000   1.0000    OnePulse_5
154.0000    0    4.000   1.0000          NULL 
158.0000   11    2.000   1.0000    TwoPulse_5
160.0000    0    6.000   1.0000          NULL 
166.0000   11    2.000   1.0000    TwoPulse_5
168.0000    0    3.000   1.0000          NULL 
171.0000   10    2.000   1.0000    TwoPulse_4
173.0000    0    7.000   1.0000          NULL 
180.0000   13    2.000   1.0000    BlankPulse
182.0000    0    4.000   1.0000          NULL 
186.0000   10    2.000   1.0000    TwoPulse_4
188.0000    0    7.000   1.0000          NULL 
195.0000    7    2.000   1.0000    TwoPulse_1
197.0000    0    3.000   1.0000          NULL 
200.0000   12    2.000   1.0000    TwoPulse_6
202.0000    0    7.000   1.0000          NULL 
209.0000    6    2.000   1.0000    OnePulse_6
211.0000    0    4.000   1.0000          NULL 
215.0000    4    2.000   1.0000    OnePulse_4
217.0000    0    3.000   1.0000          NULL 
220.0000    1    2.000   1.0000    OnePulse_1
222.0000    0    7.000   1.0000          NULL 
229.0000    3    2.000   1.0000    OnePulse_3
231.0000    0    4.000   1.0000          NULL 
235.0000   12    2.000   1.0000    TwoPulse_6
237.0000    0    5.000   1.0000          NULL 
242.0000    3    2.000   1.0000    OnePulse_3
244.0000    0    5.000   1.0000          NULL 
249.0000    1    2.000   1.0000    OnePulse_1
251.0000    0    3.000   1.0000          NULL 
254.0000    9    2.000   1.0000    TwoPulse_3
256.0000    0    5.000   1.0000          NULL 
261.0000   12    2.000   1.0000    TwoPulse_6
263.0000    0   10.000   1.0000          NULL 
273.0000    4    2.000   1.0000    OnePulse_4
275.0000    0    8.000   1.0000          NULL 
283.0000    9    2.000   1.0000    TwoPulse_3
285.0000    0    4.000   1.0000          NULL 
289.0000    2    2.000   1.0000    OnePulse_2
291.0000    0    9.000   1.0000          NULL 
