  0.0000    9    2.000   1.0000    TwoPulse_3
  2.0000    0   10.000   1.0000          NULL 
 12.0000    5    2.000   1.0000    OnePulse_5
 14.0000    0    7.000   1.0000          NULL 
 21.0000   10    2.000   1.0000    TwoPulse_4
 23.0000    0    3.000   1.0000          NULL 
 26.0000    2    2.000   1.0000    OnePulse_2
 28.0000    0   11.000   1.0000          NULL 
 39.0000    2    2.000   1.0000    OnePulse_2
 41.0000    0    5.000   1.0000          NULL 
 46.0000    5    2.000   1.0000    OnePulse_5
 48.0000    0   14.000   1.0000          NULL 
 62.0000   12    2.000   1.0000    TwoPulse_6
 64.0000    0    4.000   1.0000          NULL 
 68.0000   13    2.000   1.0000    BlankPulse
 70.0000    0    3.000   1.0000          NULL 
 73.0000    8    2.000   1.0000    TwoPulse_2
 75.0000    0    3.000   1.0000          NULL 
 78.0000    3    2.000   1.0000    OnePulse_3
 80.0000    0   10.000   1.0000          NULL 
 90.0000   11    2.000   1.0000    TwoPulse_5
 92.0000    0    8.000   1.0000          NULL 
100.0000    6    2.000   1.0000    OnePulse_6
102.0000    0    7.000   1.0000          NULL 
109.0000    6    2.000   1.0000    OnePulse_6
111.0000    0    3.000   1.0000          NULL 
114.0000    4    2.000   1.0000    OnePulse_4
116.0000    0    4.000   1.0000          NULL 
120.0000   12    2.000   1.0000    TwoPulse_6
122.0000    0    5.000   1.0000          NULL 
127.0000   13    2.000   1.0000    BlankPulse
129.0000    0    5.000   1.0000          NULL 
134.0000    2    2.000   1.0000    OnePulse_2
136.0000    0    8.000   1.0000          NULL 
144.0000    7    2.000   1.0000    TwoPulse_1
146.0000    0    4.000   1.0000          NULL 
150.0000    4    2.000   1.0000    OnePulse_4
152.0000    0    4.000   1.0000          NULL 
156.0000    6    2.000   1.0000    OnePulse_6
158.0000    0    8.000   1.0000          NULL 
166.0000   13    2.000   1.0000    BlankPulse
168.0000    0    9.000   1.0000          NULL 
177.0000    8    2.000   1.0000    TwoPulse_2
179.0000    0    4.000   1.0000          NULL 
183.0000    1    2.000   1.0000    OnePulse_1
185.0000    0    5.000   1.0000          NULL 
190.0000   11    2.000   1.0000    TwoPulse_5
192.0000    0    4.000   1.0000          NULL 
196.0000    5    2.000   1.0000    OnePulse_5
198.0000    0    6.000   1.0000          NULL 
204.0000   12    2.000   1.0000    TwoPulse_6
206.0000    0    3.000   1.0000          NULL 
209.0000    3    2.000   1.0000    OnePulse_3
211.0000    0    3.000   1.0000          NULL 
214.0000   10    2.000   1.0000    TwoPulse_4
216.0000    0    9.000   1.0000          NULL 
225.0000    3    2.000   1.0000    OnePulse_3
227.0000    0    4.000   1.0000          NULL 
231.0000    8    2.000   1.0000    TwoPulse_2
233.0000    0    7.000   1.0000          NULL 
240.0000    7    2.000   1.0000    TwoPulse_1
242.0000    0    9.000   1.0000          NULL 
251.0000   10    2.000   1.0000    TwoPulse_4
253.0000    0    3.000   1.0000          NULL 
256.0000    9    2.000   1.0000    TwoPulse_3
258.0000    0    3.000   1.0000          NULL 
261.0000   11    2.000   1.0000    TwoPulse_5
263.0000    0    5.000   1.0000          NULL 
268.0000    1    2.000   1.0000    OnePulse_1
270.0000    0    3.000   1.0000          NULL 
273.0000    7    2.000   1.0000    TwoPulse_1
275.0000    0    4.000   1.0000          NULL 
279.0000    1    2.000   1.0000    OnePulse_1
281.0000    0    3.000   1.0000          NULL 
284.0000    9    2.000   1.0000    TwoPulse_3
286.0000    0    5.000   1.0000          NULL 
291.0000    4    2.000   1.0000    OnePulse_4
293.0000    0    7.000   1.0000          NULL 
