  0.0000    2    2.000   1.0000    OnePulse_2
  2.0000    0    5.000   1.0000          NULL 
  7.0000    3    2.000   1.0000    OnePulse_3
  9.0000    0   13.000   1.0000          NULL 
 22.0000    3    2.000   1.0000    OnePulse_3
 24.0000    0    3.000   1.0000          NULL 
 27.0000    6    2.000   1.0000    OnePulse_6
 29.0000    0    3.000   1.0000          NULL 
 32.0000    3    2.000   1.0000    OnePulse_3
 34.0000    0    3.000   1.0000          NULL 
 37.0000    9    2.000   1.0000    TwoPulse_3
 39.0000    0    6.000   1.0000          NULL 
 45.0000   13    2.000   1.0000    BlankPulse
 47.0000    0    7.000   1.0000          NULL 
 54.0000   12    2.000   1.0000    TwoPulse_6
 56.0000    0    5.000   1.0000          NULL 
 61.0000    4    2.000   1.0000    OnePulse_4
 63.0000    0   10.000   1.0000          NULL 
 73.0000   10    2.000   1.0000    TwoPulse_4
 75.0000    0    4.000   1.0000          NULL 
 79.0000   12    2.000   1.0000    TwoPulse_6
 81.0000    0    4.000   1.0000          NULL 
 85.0000    9    2.000   1.0000    TwoPulse_3
 87.0000    0    9.000   1.0000          NULL 
 96.0000   11    2.000   1.0000    TwoPulse_5
 98.0000    0    9.000   1.0000          NULL 
107.0000    4    2.000   1.0000    OnePulse_4
109.0000    0    5.000   1.0000          NULL 
114.0000   10    2.000   1.0000    TwoPulse_4
116.0000    0    7.000   1.0000          NULL 
123.0000   13    2.000   1.0000    BlankPulse
125.0000    0    4.000   1.0000          NULL 
129.0000    5    2.000   1.0000    OnePulse_5
131.0000    0    3.000   1.0000          NULL 
134.0000   11    2.000   1.0000    TwoPulse_5
136.0000    0    4.000   1.0000          NULL 
140.0000   10    2.000   1.0000    TwoPulse_4
142.0000    0    5.000   1.0000          NULL 
147.0000   12    2.000   1.0000    TwoPulse_6
149.0000    0    3.000   1.0000          NULL 
152.0000    8    2.000   1.0000    TwoPulse_2
154.0000    0    4.000   1.0000          NULL 
158.0000    5    2.000   1.0000    OnePulse_5
160.0000    0    6.000   1.0000          NULL 
166.0000    7    2.000   1.0000    TwoPulse_1
168.0000    0    4.000   1.0000          NULL 
172.0000    7    2.000   1.0000    TwoPulse_1
174.0000    0    8.000   1.0000          NULL 
182.0000    8    2.000   1.0000    TwoPulse_2
184.0000    0    8.000   1.0000          NULL 
192.0000    1    2.000   1.0000    OnePulse_1
194.0000    0    3.000   1.0000          NULL 
197.0000   13    2.000   1.0000    BlankPulse
199.0000    0    3.000   1.0000          NULL 
202.0000   11    2.000   1.0000    TwoPulse_5
204.0000    0    9.000   1.0000          NULL 
213.0000    7    2.000   1.0000    TwoPulse_1
215.0000    0   11.000   1.0000          NULL 
226.0000    1    2.000   1.0000    OnePulse_1
228.0000    0    5.000   1.0000          NULL 
233.0000    6    2.000   1.0000    OnePulse_6
235.0000    0    8.000   1.0000          NULL 
243.0000    6    2.000   1.0000    OnePulse_6
245.0000    0    4.000   1.0000          NULL 
249.0000    1    2.000   1.0000    OnePulse_1
251.0000    0    3.000   1.0000          NULL 
254.0000    5    2.000   1.0000    OnePulse_5
256.0000    0    5.000   1.0000          NULL 
261.0000    8    2.000   1.0000    TwoPulse_2
263.0000    0   10.000   1.0000          NULL 
273.0000    9    2.000   1.0000    TwoPulse_3
275.0000    0    6.000   1.0000          NULL 
281.0000    2    2.000   1.0000    OnePulse_2
283.0000    0    6.000   1.0000          NULL 
289.0000    2    2.000   1.0000    OnePulse_2
291.0000    0    3.000   1.0000          NULL 
294.0000    4    2.000   1.0000    OnePulse_4
296.0000    0    4.000   1.0000          NULL 
