  0.0000    8    2.000   1.0000    TwoPulse_2
  2.0000    0   11.000   1.0000          NULL 
 13.0000    1    2.000   1.0000    OnePulse_1
 15.0000    0    7.000   1.0000          NULL 
 22.0000   12    2.000   1.0000    TwoPulse_6
 24.0000    0    4.000   1.0000          NULL 
 28.0000    9    2.000   1.0000    TwoPulse_3
 30.0000    0    3.000   1.0000          NULL 
 33.0000    4    2.000   1.0000    OnePulse_4
 35.0000    0    5.000   1.0000          NULL 
 40.0000    7    2.000   1.0000    TwoPulse_1
 42.0000    0   10.000   1.0000          NULL 
 52.0000   10    2.000   1.0000    TwoPulse_4
 54.0000    0    7.000   1.0000          NULL 
 61.0000    4    2.000   1.0000    OnePulse_4
 63.0000    0   10.000   1.0000          NULL 
 73.0000    6    2.000   1.0000    OnePulse_6
 75.0000    0    3.000   1.0000          NULL 
 78.0000   12    2.000   1.0000    TwoPulse_6
 80.0000    0    6.000   1.0000          NULL 
 86.0000    1    2.000   1.0000    OnePulse_1
 88.0000    0    3.000   1.0000          NULL 
 91.0000    2    2.000   1.0000    OnePulse_2
 93.0000    0    9.000   1.0000          NULL 
102.0000    2    2.000   1.0000    OnePulse_2
104.0000    0    4.000   1.0000          NULL 
108.0000    3    2.000   1.0000    OnePulse_3
110.0000    0    3.000   1.0000          NULL 
113.0000    5    2.000   1.0000    OnePulse_5
115.0000    0    5.000   1.0000          NULL 
120.0000    8    2.000   1.0000    TwoPulse_2
122.0000    0    3.000   1.0000          NULL 
125.0000    9    2.000   1.0000    TwoPulse_3
127.0000    0    5.000   1.0000          NULL 
132.0000   13    2.000   1.0000    BlankPulse
134.0000    0    4.000   1.0000          NULL 
138.0000   11    2.000   1.0000    TwoPulse_5
140.0000    0    5.000   1.0000          NULL 
145.0000    2    2.000   1.0000    OnePulse_2
147.0000    0    3.000   1.0000          NULL 
150.0000    1    2.000   1.0000    OnePulse_1
152.0000    0    3.000   1.0000          NULL 
155.0000   10    2.000   1.0000    TwoPulse_4
157.0000    0    5.000   1.0000          NULL 
162.0000   11    2.000   1.0000    TwoPulse_5
164.0000    0    7.000   1.0000          NULL 
171.0000    7    2.000   1.0000    TwoPulse_1
173.0000    0    9.000   1.0000          NULL 
182.0000   11    2.000   1.0000    TwoPulse_5
184.0000    0    3.000   1.0000          NULL 
187.0000   10    2.000   1.0000    TwoPulse_4
189.0000    0    7.000   1.0000          NULL 
196.0000    3    2.000   1.0000    OnePulse_3
198.0000    0    6.000   1.0000          NULL 
204.0000    6    2.000   1.0000    OnePulse_6
206.0000    0    7.000   1.0000          NULL 
213.0000   13    2.000   1.0000    BlankPulse
215.0000    0    3.000   1.0000          NULL 
218.0000    5    2.000   1.0000    OnePulse_5
220.0000    0    8.000   1.0000          NULL 
228.0000    8    2.000   1.0000    TwoPulse_2
230.0000    0    3.000   1.0000          NULL 
233.0000    5    2.000   1.0000    OnePulse_5
235.0000    0    8.000   1.0000          NULL 
243.0000    9    2.000   1.0000    TwoPulse_3
245.0000    0    9.000   1.0000          NULL 
254.0000    3    2.000   1.0000    OnePulse_3
256.0000    0    3.000   1.0000          NULL 
259.0000   13    2.000   1.0000    BlankPulse
261.0000    0    6.000   1.0000          NULL 
267.0000    7    2.000   1.0000    TwoPulse_1
269.0000    0    5.000   1.0000          NULL 
274.0000   12    2.000   1.0000    TwoPulse_6
276.0000    0    5.000   1.0000          NULL 
281.0000    6    2.000   1.0000    OnePulse_6
283.0000    0   11.000   1.0000          NULL 
294.0000    4    2.000   1.0000    OnePulse_4
296.0000    0    4.000   1.0000          NULL 
