  0.0000    8    2.000   1.0000    TwoPulse_2
  2.0000    0    3.000   1.0000          NULL 
  5.0000    6    2.000   1.0000    OnePulse_6
  7.0000    0    6.000   1.0000          NULL 
 13.0000    4    2.000   1.0000    OnePulse_4
 15.0000    0    3.000   1.0000          NULL 
 18.0000    3    2.000   1.0000    OnePulse_3
 20.0000    0    9.000   1.0000          NULL 
 29.0000   10    2.000   1.0000    TwoPulse_4
 31.0000    0   12.000   1.0000          NULL 
 43.0000    2    2.000   1.0000    OnePulse_2
 45.0000    0    5.000   1.0000          NULL 
 50.0000    1    2.000   1.0000    OnePulse_1
 52.0000    0    4.000   1.0000          NULL 
 56.0000    7    2.000   1.0000    TwoPulse_1
 58.0000    0   10.000   1.0000          NULL 
 68.0000    9    2.000   1.0000    TwoPulse_3
 70.0000    0    9.000   1.0000          NULL 
 79.0000   10    2.000   1.0000    TwoPulse_4
 81.0000    0    4.000   1.0000          NULL 
 85.0000    5    2.000   1.0000    OnePulse_5
 87.0000    0    3.000   1.0000          NULL 
 90.0000    9    2.000   1.0000    TwoPulse_3
 92.0000    0    3.000   1.0000          NULL 
 95.0000   11    2.000   1.0000    TwoPulse_5
 97.0000    0    5.000   1.0000          NULL 
102.0000    7    2.000   1.0000    TwoPulse_1
104.0000    0    3.000   1.0000          NULL 
107.0000   12    2.000   1.0000    TwoPulse_6
109.0000    0   10.000   1.0000          NULL 
119.0000    4    2.000   1.0000    OnePulse_4
121.0000    0    4.000   1.0000          NULL 
125.0000    1    2.000   1.0000    OnePulse_1
127.0000    0    3.000   1.0000          NULL 
130.0000    5    2.000   1.0000    OnePulse_5
132.0000    0    3.000   1.0000          NULL 
135.0000    8    2.000   1.0000    TwoPulse_2
137.0000    0    6.000   1.0000          NULL 
143.0000   13    2.000   1.0000    BlankPulse
145.0000    0    5.000   1.0000          NULL 
150.0000    2    2.000   1.0000    OnePulse_2
152.0000    0    3.000   1.0000          NULL 
155.0000    9    2.000   1.0000    TwoPulse_3
157.0000    0   10.000   1.0000          NULL 
167.0000   11    2.000   1.0000    TwoPulse_5
169.0000    0    7.000   1.0000          NULL 
176.0000   13    2.000   1.0000    BlankPulse
178.0000    0    5.000   1.0000          NULL 
183.0000    4    2.000   1.0000    OnePulse_4
185.0000    0    3.000   1.0000          NULL 
188.0000   10    2.000   1.0000    TwoPulse_4
190.0000    0    9.000   1.0000          NULL 
199.0000    6    2.000   1.0000    OnePulse_6
201.0000    0    7.000   1.0000          NULL 
208.0000    8    2.000   1.0000    TwoPulse_2
210.0000    0    6.000   1.0000          NULL 
216.0000    3    2.000   1.0000    OnePulse_3
218.0000    0    9.000   1.0000          NULL 
227.0000    1    2.000   1.0000    OnePulse_1
229.0000    0    3.000   1.0000          NULL 
232.0000    6    2.000   1.0000    OnePulse_6
234.0000    0    4.000   1.0000          NULL 
238.0000   12    2.000   1.0000    TwoPulse_6
240.0000    0    6.000   1.0000          NULL 
246.0000    5    2.000   1.0000    OnePulse_5
248.0000    0    3.000   1.0000          NULL 
251.0000   13    2.000   1.0000    BlankPulse
253.0000    0    4.000   1.0000          NULL 
257.0000    3    2.000   1.0000    OnePulse_3
259.0000    0    7.000   1.0000          NULL 
266.0000    7    2.000   1.0000    TwoPulse_1
268.0000    0    5.000   1.0000          NULL 
273.0000   11    2.000   1.0000    TwoPulse_5
275.0000    0    4.000   1.0000          NULL 
279.0000   12    2.000   1.0000    TwoPulse_6
281.0000    0    5.000   1.0000          NULL 
286.0000    2    2.000   1.0000    OnePulse_2
288.0000    0   12.000   1.0000          NULL 
