  0.0000    2    2.000   1.0000    OnePulse_2
  2.0000    0    4.000   1.0000          NULL 
  6.0000    4    2.000   1.0000    OnePulse_4
  8.0000    0    6.000   1.0000          NULL 
 14.0000    6    2.000   1.0000    OnePulse_6
 16.0000    0    3.000   1.0000          NULL 
 19.0000    8    2.000   1.0000    TwoPulse_2
 21.0000    0   10.000   1.0000          NULL 
 31.0000   11    2.000   1.0000    TwoPulse_5
 33.0000    0    5.000   1.0000          NULL 
 38.0000   13    2.000   1.0000    BlankPulse
 40.0000    0    8.000   1.0000          NULL 
 48.0000   10    2.000   1.0000    TwoPulse_4
 50.0000    0    4.000   1.0000          NULL 
 54.0000    3    2.000   1.0000    OnePulse_3
 56.0000    0    4.000   1.0000          NULL 
 60.0000    9    2.000   1.0000    TwoPulse_3
 62.0000    0    3.000   1.0000          NULL 
 65.0000   10    2.000   1.0000    TwoPulse_4
 67.0000    0    4.000   1.0000          NULL 
 71.0000   12    2.000   1.0000    TwoPulse_6
 73.0000    0   11.000   1.0000          NULL 
 84.0000    2    2.000   1.0000    OnePulse_2
 86.0000    0    4.000   1.0000          NULL 
 90.0000    3    2.000   1.0000    OnePulse_3
 92.0000    0    3.000   1.0000          NULL 
 95.0000    1    2.000   1.0000    OnePulse_1
 97.0000    0    4.000   1.0000          NULL 
101.0000    8    2.000   1.0000    TwoPulse_2
103.0000    0    4.000   1.0000          NULL 
107.0000    7    2.000   1.0000    TwoPulse_1
109.0000    0   10.000   1.0000          NULL 
119.0000    7    2.000   1.0000    TwoPulse_1
121.0000    0    4.000   1.0000          NULL 
125.0000    9    2.000   1.0000    TwoPulse_3
127.0000    0    4.000   1.0000          NULL 
131.0000    6    2.000   1.0000    OnePulse_6
133.0000    0    3.000   1.0000          NULL 
136.0000    3    2.000   1.0000    OnePulse_3
138.0000    0   12.000   1.0000          NULL 
150.0000   12    2.000   1.0000    TwoPulse_6
152.0000    0    4.000   1.0000          NULL 
156.0000    5    2.000   1.0000    OnePulse_5
158.0000    0    6.000   1.0000          NULL 
164.0000    8    2.000   1.0000    TwoPulse_2
166.0000    0    3.000   1.0000          NULL 
169.0000   13    2.000   1.0000    BlankPulse
171.0000    0    3.000   1.0000          NULL 
174.0000    5    2.000   1.0000    OnePulse_5
176.0000    0    4.000   1.0000          NULL 
180.0000    9    2.000   1.0000    TwoPulse_3
182.0000    0    9.000   1.0000          NULL 
191.0000   11    2.000   1.0000    TwoPulse_5
193.0000    0   12.000   1.0000          NULL 
205.0000    5    2.000   1.0000    OnePulse_5
207.0000    0    8.000   1.0000          NULL 
215.0000    7    2.000   1.0000    TwoPulse_1
217.0000    0    8.000   1.0000          NULL 
225.0000    6    2.000   1.0000    OnePulse_6
227.0000    0    8.000   1.0000          NULL 
235.0000    1    2.000   1.0000    OnePulse_1
237.0000    0    6.000   1.0000          NULL 
243.0000   13    2.000   1.0000    BlankPulse
245.0000    0    5.000   1.0000          NULL 
250.0000    4    2.000   1.0000    OnePulse_4
252.0000    0    6.000   1.0000          NULL 
258.0000    4    2.000   1.0000    OnePulse_4
260.0000    0    5.000   1.0000          NULL 
265.0000   11    2.000   1.0000    TwoPulse_5
267.0000    0    8.000   1.0000          NULL 
275.0000   10    2.000   1.0000    TwoPulse_4
277.0000    0    4.000   1.0000          NULL 
281.0000    2    2.000   1.0000    OnePulse_2
283.0000    0    4.000   1.0000          NULL 
287.0000    1    2.000   1.0000    OnePulse_1
289.0000    0    5.000   1.0000          NULL 
294.0000   12    2.000   1.0000    TwoPulse_6
296.0000    0    4.000   1.0000          NULL 
