  0.0000    5    2.000   1.0000    OnePulse_5
  2.0000    0    9.000   1.0000          NULL 
 11.0000    1    2.000   1.0000    OnePulse_1
 13.0000    0    9.000   1.0000          NULL 
 22.0000    3    2.000   1.0000    OnePulse_3
 24.0000    0    4.000   1.0000          NULL 
 28.0000    8    2.000   1.0000    TwoPulse_2
 30.0000    0    4.000   1.0000          NULL 
 34.0000    5    2.000   1.0000    OnePulse_5
 36.0000    0    6.000   1.0000          NULL 
 42.0000    2    2.000   1.0000    OnePulse_2
 44.0000    0    3.000   1.0000          NULL 
 47.0000    5    2.000   1.0000    OnePulse_5
 49.0000    0    3.000   1.0000          NULL 
 52.0000   13    2.000   1.0000    BlankPulse
 54.0000    0    9.000   1.0000          NULL 
 63.0000    8    2.000   1.0000    TwoPulse_2
 65.0000    0    3.000   1.0000          NULL 
 68.0000   10    2.000   1.0000    TwoPulse_4
 70.0000    0    6.000   1.0000          NULL 
 76.0000   10    2.000   1.0000    TwoPulse_4
 78.0000    0    7.000   1.0000          NULL 
 85.0000    2    2.000   1.0000    OnePulse_2
 87.0000    0    5.000   1.0000          NULL 
 92.0000    3    2.000   1.0000    OnePulse_3
 94.0000    0    6.000   1.0000          NULL 
100.0000    9    2.000   1.0000    TwoPulse_3
102.0000    0    4.000   1.0000          NULL 
106.0000    9    2.000   1.0000    TwoPulse_3
108.0000    0    3.000   1.0000          NULL 
111.0000    3    2.000   1.0000    OnePulse_3
113.0000    0    5.000   1.0000          NULL 
118.0000    4    2.000   1.0000    OnePulse_4
120.0000    0    8.000   1.0000          NULL 
128.0000   10    2.000   1.0000    TwoPulse_4
130.0000    0    3.000   1.0000          NULL 
133.0000    2    2.000   1.0000    OnePulse_2
135.0000    0   10.000   1.0000          NULL 
145.0000   11    2.000   1.0000    TwoPulse_5
147.0000    0    3.000   1.0000          NULL 
150.0000   12    2.000   1.0000    TwoPulse_6
152.0000    0    9.000   1.0000          NULL 
161.0000    6    2.000   1.0000    OnePulse_6
163.0000    0    4.000   1.0000          NULL 
167.0000    6    2.000   1.0000    OnePulse_6
169.0000    0    7.000   1.0000          NULL 
176.0000   11    2.000   1.0000    TwoPulse_5
178.0000    0    5.000   1.0000          NULL 
183.0000   12    2.000   1.0000    TwoPulse_6
185.0000    0    6.000   1.0000          NULL 
191.0000    1    2.000   1.0000    OnePulse_1
193.0000    0    6.000   1.0000          NULL 
199.0000    6    2.000   1.0000    OnePulse_6
201.0000    0    8.000   1.0000          NULL 
209.0000    7    2.000   1.0000    TwoPulse_1
211.0000    0    4.000   1.0000          NULL 
215.0000   13    2.000   1.0000    BlankPulse
217.0000    0    6.000   1.0000          NULL 
223.0000    7    2.000   1.0000    TwoPulse_1
225.0000    0    7.000   1.0000          NULL 
232.0000    4    2.000   1.0000    OnePulse_4
234.0000    0    5.000   1.0000          NULL 
239.0000   13    2.000   1.0000    BlankPulse
241.0000    0    4.000   1.0000          NULL 
245.0000    4    2.000   1.0000    OnePulse_4
247.0000    0   12.000   1.0000          NULL 
259.0000    7    2.000   1.0000    TwoPulse_1
261.0000    0    6.000   1.0000          NULL 
267.0000    9    2.000   1.0000    TwoPulse_3
269.0000    0    4.000   1.0000          NULL 
273.0000   12    2.000   1.0000    TwoPulse_6
275.0000    0    3.000   1.0000          NULL 
278.0000    8    2.000   1.0000    TwoPulse_2
280.0000    0    5.000   1.0000          NULL 
285.0000   11    2.000   1.0000    TwoPulse_5
287.0000    0    4.000   1.0000          NULL 
291.0000    1    2.000   1.0000    OnePulse_1
293.0000    0    7.000   1.0000          NULL 
