  0.0000    8    2.000   1.0000    TwoPulse_2
  2.0000    0    5.000   1.0000          NULL 
  7.0000    2    2.000   1.0000    OnePulse_2
  9.0000    0    5.000   1.0000          NULL 
 14.0000   13    2.000   1.0000    BlankPulse
 16.0000    0    8.000   1.0000          NULL 
 24.0000   12    2.000   1.0000    TwoPulse_6
 26.0000    0    3.000   1.0000          NULL 
 29.0000    1    2.000   1.0000    OnePulse_1
 31.0000    0    8.000   1.0000          NULL 
 39.0000    6    2.000   1.0000    OnePulse_6
 41.0000    0    6.000   1.0000          NULL 
 47.0000    1    2.000   1.0000    OnePulse_1
 49.0000    0    4.000   1.0000          NULL 
 53.0000    4    2.000   1.0000    OnePulse_4
 55.0000    0    6.000   1.0000          NULL 
 61.0000    9    2.000   1.0000    TwoPulse_3
 63.0000    0    8.000   1.0000          NULL 
 71.0000    2    2.000   1.0000    OnePulse_2
 73.0000    0    3.000   1.0000          NULL 
 76.0000   13    2.000   1.0000    BlankPulse
 78.0000    0    5.000   1.0000          NULL 
 83.0000   10    2.000   1.0000    TwoPulse_4
 85.0000    0   11.000   1.0000          NULL 
 96.0000   10    2.000   1.0000    TwoPulse_4
 98.0000    0    4.000   1.0000          NULL 
102.0000   12    2.000   1.0000    TwoPulse_6
104.0000    0    3.000   1.0000          NULL 
107.0000    3    2.000   1.0000    OnePulse_3
109.0000    0   10.000   1.0000          NULL 
119.0000   11    2.000   1.0000    TwoPulse_5
121.0000    0    3.000   1.0000          NULL 
124.0000    5    2.000   1.0000    OnePulse_5
126.0000    0    9.000   1.0000          NULL 
135.0000    7    2.000   1.0000    TwoPulse_1
137.0000    0    3.000   1.0000          NULL 
140.0000    4    2.000   1.0000    OnePulse_4
142.0000    0    6.000   1.0000          NULL 
148.0000   11    2.000   1.0000    TwoPulse_5
150.0000    0    3.000   1.0000          NULL 
153.0000    8    2.000   1.0000    TwoPulse_2
155.0000    0   11.000   1.0000          NULL 
166.0000    2    2.000   1.0000    OnePulse_2
168.0000    0    4.000   1.0000          NULL 
172.0000   12    2.000   1.0000    TwoPulse_6
174.0000    0    5.000   1.0000          NULL 
179.0000    9    2.000   1.0000    TwoPulse_3
181.0000    0    3.000   1.0000          NULL 
184.0000    7    2.000   1.0000    TwoPulse_1
186.0000    0    6.000   1.0000          NULL 
192.0000   10    2.000   1.0000    TwoPulse_4
194.0000    0    8.000   1.0000          NULL 
202.0000    5    2.000   1.0000    OnePulse_5
204.0000    0    3.000   1.0000          NULL 
207.0000    3    2.000   1.0000    OnePulse_3
209.0000    0    3.000   1.0000          NULL 
212.0000   11    2.000   1.0000    TwoPulse_5
214.0000    0    7.000   1.0000          NULL 
221.0000   13    2.000   1.0000    BlankPulse
223.0000    0    5.000   1.0000          NULL 
228.0000    9    2.000   1.0000    TwoPulse_3
230.0000    0    7.000   1.0000          NULL 
237.0000    1    2.000   1.0000    OnePulse_1
239.0000    0    5.000   1.0000          NULL 
244.0000    3    2.000   1.0000    OnePulse_3
246.0000    0    8.000   1.0000          NULL 
254.0000    5    2.000   1.0000    OnePulse_5
256.0000    0    3.000   1.0000          NULL 
259.0000    6    2.000   1.0000    OnePulse_6
261.0000    0    3.000   1.0000          NULL 
264.0000    8    2.000   1.0000    TwoPulse_2
266.0000    0   13.000   1.0000          NULL 
279.0000    4    2.000   1.0000    OnePulse_4
281.0000    0    8.000   1.0000          NULL 
289.0000    7    2.000   1.0000    TwoPulse_1
291.0000    0    4.000   1.0000          NULL 
295.0000    6    2.000   1.0000    OnePulse_6
297.0000    0    3.000   1.0000          NULL 
